
T = [0.001, 0.002, 0.005, 0.008, 0.01, 0.025, 0.05, 0.085, 0.1, 0.155, 0.325, 0.485, 0.5, 0.575, 0.765, 0.9]

[[3.70828599e-06 6.51515601e-06 4.19174150e-06 3.03996204e-06
  3.81912654e-06 2.57992482e-06 3.77455230e-06 3.93786694e-06
  9.39584704e-07 0.00000000e+00 0.00000000e+00 0.00000000e+00
  0.00000000e+00 0.00000000e+00 0.00000000e+00 0.00000000e+00]
 [3.22580645e-03 9.34142579e-03 5.08349146e-03 6.19006103e-03
  3.10544054e-03 6.06969512e-03 5.10544054e-03 7.76461037e-03
  1.61290323e-03 0.00000000e+00 0.00000000e+00 0.00000000e+00
  0.00000000e+00 0.00000000e+00 0.00000000e+00 0.00000000e+00]
 [7.40661203e-06 1.30132197e-05 8.37351887e-06 6.07667462e-06
  7.62649405e-06 5.15764709e-06 7.54022143e-06 7.87156245e-06
  1.87807535e-06 0.00000000e+00 0.00000000e+00 0.00000000e+00
  0.00000000e+00 0.00000000e+00 0.00000000e+00 0.00000000e+00]
 [1.18708759e-03 1.75577479e-03 1.31999215e-03 9.95821604e-04
  8.98684587e-04 7.38864774e-04 1.40320304e-03 3.37787006e-03
  1.11731844e-03 0.00000000e+00 0.00000000e+00 0.00000000e+00
  0.00000000e+00 0.00000000e+00 0.00000000e+00 0.00000000e+00]]

[0.26170297 0.34591205 0.2295816  0.34895911 0.21535095 0.3839469
 0.38194192 0.4258765  0.3398151  0.         0.         0.
 0.         0.         0.         0.        ]


T = [0.155, 0.325, 0.485, 0.5, 0.575, 0.765, 0.9]

 [[1.11571684e-06 0.00000000e+00 0.00000000e+00 0.00000000e+00
  0.00000000e+00 0.00000000e+00 0.00000000e+00]
 [3.03099885e-03 0.00000000e+00 0.00000000e+00 0.00000000e+00
  0.00000000e+00 0.00000000e+00 0.00000000e+00]
 [2.23060398e-06 0.00000000e+00 0.00000000e+00 0.00000000e+00
  0.00000000e+00 0.00000000e+00 0.00000000e+00]
 [2.46174822e-03 0.00000000e+00 0.00000000e+00 0.00000000e+00
  0.00000000e+00 0.00000000e+00 0.00000000e+00]]
[0.69839042 0.80815835 0.87250302 0.87142302 0.81306483 0.79202086
 0.82469361]


 not jaccard similarity
 T = [0.0001, 0.0005, 0.0009, 0.001, 0.0025, 0.0058, 0.0085, 0.01]
 [[1.40736541e-05 4.99288297e-06 1.28379150e-05 7.43089985e-06
  8.36627875e-06 8.64095386e-06 3.24319612e-06 9.89885778e-06]
 [9.31553370e-03 1.07486477e-02 1.34527886e-02 1.04813641e-02
  1.14232501e-02 9.56908340e-03 6.38945233e-03 1.23730050e-02]
 [2.80911984e-05 9.98081825e-06 2.56320470e-05 1.48446955e-05
  1.67097394e-05 1.72599337e-05 6.48282465e-06 1.97731948e-05]
 [2.94813212e-03 1.29748870e-03 2.89078895e-03 1.75862521e-03
  1.96889785e-03 2.18453290e-03 8.30996246e-04 2.30513396e-03]]
[0.25992367 0.37004101 0.4125784  0.3508394  0.34727936 0.30061681
 0.32460306 0.3622463 ]
 
T = [0.01, 0.05, 0.085, 0.1, 0.155, 0.325, 0.485, 0.5, 0.575, 0.765, 0.9]

 [[5.51694387e-06 8.02438482e-06 4.23004949e-06 3.36300517e-06
  2.65719571e-06 0.00000000e+00 0.00000000e+00 0.00000000e+00
  0.00000000e+00 0.00000000e+00 0.00000000e+00]
 [1.35086728e-02 1.00301489e-02 1.17542868e-02 1.01149425e-02
  6.69681553e-03 0.00000000e+00 0.00000000e+00 0.00000000e+00
  0.00000000e+00 0.00000000e+00 0.00000000e+00]
 [1.10291611e-05 1.60208187e-05 8.45704932e-06 6.72375218e-06
  5.31228107e-06 0.00000000e+00 0.00000000e+00 0.00000000e+00
  0.00000000e+00 0.00000000e+00 0.00000000e+00]
 [1.73692427e-03 1.88166602e-03 1.91825500e-03 2.01055600e-03
  3.75566502e-03 0.00000000e+00 0.00000000e+00 0.00000000e+00
  0.00000000e+00 0.00000000e+00 0.00000000e+00]]
[0.43226929 0.36070594 0.41951594 0.57983596 0.60584473 0.77381581